630
201
506
792
891
443
589
92
129
981
793
685
192
104
94
795
471
567
645
897
164
50
220
214
657
651
949
836
245
507
941
759
163
609
284
49
493
490
395
561
454
22
649
869
837
568
413
714
77
267
974
66
93
798
623
585
883
624
662
767
394
323
158
377
868
489
544
948
21
861
111
2
783
555
402
648
896
450
411
304
811
263
582
950
987
660
437
366
911
581
342
305
553
771
71
354
480
441
908
946
772
248
655
844
871
671
564
85
374
743
587
11
128
215
213
43
719
535
696
137
796
78
251
198
887
701
526
618
536
135
399
195
456
704
61
918
914
243
615
276
984
805
990
592
557
325
159
547
434
116
64
197
451
303
917
373
957
337
143
520
148
172
385
758
309
653
625
738
479
468
532
367
482
321
230
293
425
281
254
316
458
650
355
388
812
956
136
15
152
176
187
677
627
60
919
521
98
37
28
777
47
156
350
884
820
113
106
549
637
286
182
371
235
760
872
312
14
834
151
810
82
62
210
955
301
100
732
365
688
380
202
12
899
578
983
435
24
686
38
75
288
510
5
669
444
910
291
548
225
278
392
579
347
415
470
881
970
260
967
188
807
512
379
959
352
391
598
545
764
89
438
256
699
409
149
515
978
73
522
608
270
429
533
4
745
562
665
42
421
747
920
252
574
224
591
157
529
358
349
673
580
604
584
945
750
857
386
125
56
769
874
709
947
186
524
826
447
839
964
370
466
3
697
632
145
517
900
827
905
846
448
226
320
906
44
109
808
635
518
659
647
986
875
765
165
866
748
257
472
644
108
292
961
770
731
95
901
528
118
83
786
892
527
912
809
250
160
233
803
401
32
802
242
749
638
739
559
707
716
766
995
74
328
832
0
927
26
999
702
642
247
853
229
664
440
449
840
146
211
577
27
689
474
34
641
823
72
36
925
255
681
170
860
715
223
290
88
992
951
666
175
600
737
943
700
576
694
184
459
269
972
45
20
554
667
485
299
539
977
424
199
789
446
19
80
206
794
994
99
495
514
227
65
343
353
797
345
784
710
351
958
573
363
389
500
463
326
806
452
822
725
931
70
132
787
740
597
297
923
277
851
383
369
626
139
698
782
652
131
788
780
236
346
969
571
120
308
330
975
854
835
937
397
67
909
101
265
478
35
932
475
431
499
246
829
461
933
519
614
310
678
119
161
439
878
422
420
218
879
781
332
870
924
221
776
530
815
894
867
720
620
364
203
611
888
763
279
324
114
926
133
695
728
935
275
778
682
10
898
800
138
300
893
718
222
985
16
123
154
283
658
693
882
779
189
124
996
913
531
127
306
396
960
849
741
602
418
287
208
705
938
859
153
496
29
583
723
804
473
904
828
756
406
492
166
605
217
274
847
634
398
541
491
261
841
432
889
140
968
121
59
84
816
754
87
79
103
590
566
790
289
273
428
502
69
410
606
414
998
831
656
115
929
55
204
469
295
130
314
31
610
357
1
117
102
721
205
876
855
680
712
654
817
169
733
902
126
234
311
442
877
282
858
207
762
751
110
552
640
86
317
264
525
818
25
41
692
916
390
244
190
773
7
53
68
791
586
51
378
433
408
752
90
885
48
670
240
238
856
417
907
241
134
755
231
174
341
144
850
266
744
819
464
359
296
196
922
726
942
455
268
558
262
952
915
842
76
294
150
848
483
356
631
537
253
436
338
467
540
774
934
344
997
239
313
980
534
939
565
335
272
171
216
40
621
212
799
259
599
613
457
691
863
8
54
228
785
930
963
775
675
661
979
727
167
617
622
362
595
430
684
107
873
33
427
886
843
612
63
742
971
307
550
643
672
405
194
505
209
668
572
551
445
753
237
989
497
833
488
319
954
191
142
852
575
596
404
271
511
690
52
179
523
513
563
633
23
426
708
619
988
339
601
928
331
560
322
825
486
730
91
757
193
368
97
147
865
616
503
711
416
336
504
838
543
18
58
494
141
465
761
476
724
880
400
679
746
546
603
162
487
340
403
423
940
155
663
81
588
824
412
329
801
944
200
814
181
376
982
706
683
177
845
593
890
722
484
219
57
382
991
372
302
46
17
508
646
862
298
674
921
703
348
285
112
280
462
895
516
993
173
360
629
734
460
966
813
30
375
39
903
393
315
973
501
122
729
498
178
687
105
477
636
628
419
736
864
407
334
542
569
13
6
976
962
387
713
570
318
607
821
183
249
676
965
509
481
384
258
232
327
936
180
185
639
9
556
168
381
361
717
538
594
453
953
830
333
768
96
735
