4656
1861
4529
4640
9008
1079
673
6337
4126
242
3480
9938
2431
1285
6764
3368
1383
3789
237
6049
664
5636
8628
3496
3761
343
5162
9110
2044
9197
9858
3796
2083
1721
3401
9404
1523
3906
6803
7242
5579
6920
6092
3280
6476
1559
8254
6417
2585
3240
2957
2652
6436
5738
2341
8825
6697
2207
4593
8126
4186
4573
9790
1980
4092
95
3044
3925
822
9498
828
2514
767
2056
5542
8862
3437
6024
9343
5096
3651
1622
6266
5890
9327
9319
9646
5578
812
6401
4494
3184
1973
3295
5840
963
3347
8728
1402
6727
4171
4521
9048
916
1868
1637
4462
293
2655
6457
9045
3957
1936
5185
6768
3550
8300
2697
151
6445
2603
3909
8542
372
156
571
6284
87
4719
5507
5503
7787
1442
7934
1009
6382
9423
6246
1657
3193
5165
5137
2804
6269
8869
4175
9147
8372
9020
8545
5883
2433
350
170
3731
8051
2112
2449
6127
9735
7000
8837
1953
3039
7829
6832
1743
4224
2195
8956
8167
8726
9628
4542
4404
4043
7629
5285
4745
9977
2454
4077
2356
311
9004
3328
2484
3604
2080
7837
5970
3411
3544
4116
3089
9532
3041
4357
2787
1987
2533
6904
1814
6681
5888
617
4556
997
1742
2355
765
4350
3275
2545
409
4798
5501
2385
416
8768
5093
3048
5989
8528
1908
3422
4205
3576
621
1048
1827
5468
920
7256
5482
8165
7764
6096
9594
5750
5904
8759
3613
7431
4051
1117
714
3233
7354
6184
8460
1225
1023
980
2515
8851
423
2373
3110
2785
5322
236
1852
6189
2026
9939
5531
333
797
7492
2314
2851
9468
2690
9331
1573
5585
3336
9080
4005
6363
4068
4763
3523
6609
1421
3884
8858
2871
18
4014
7090
6415
3001
5947
680
8019
1772
7620
7449
3794
7918
4352
4884
2554
1528
231
8971
8525
3856
2727
1311
1991
5262
2807
9619
1227
7536
8514
6089
9948
9474
3706
4518
4510
9845
3303
3097
324
893
24
3872
4120
4463
3436
3504
2929
3
609
7456
9952
9677
5417
1453
2327
6262
8021
292
5790
2903
4221
3061
4511
6822
8064
5018
695
6159
8711
4227
4733
6930
3111
2236
6674
3922
970
4259
6506
5157
1579
2986
9867
3582
23
1691
1667
6345
3727
2503
5630
1726
8336
2558
2824
8972
8901
4557
3599
5854
6639
8994
8725
1385
3960
8819
1125
7069
8754
3090
748
9923
9223
6642
8899
1902
8877
1091
2546
9322
3877
9337
2214
4846
201
1670
6702
8631
1427
6140
6362
4273
7024
5258
5077
8689
2913
4056
4249
864
4415
5895
4544
5182
191
1856
7698
1090
6604
9015
3052
2667
6547
7950
635
8653
7463
3322
4953
7268
3995
6523
4431
2387
2961
8054
756
7760
1628
8036
3773
3037
2717
5576
1582
773
6945
415
7607
4739
8822
7604
8154
4829
5569
7513
9605
2040
1488
5709
6707
807
4579
9176
2735
3508
3634
6099
2451
1940
1085
2276
9529
2612
1494
3164
1597
7783
1750
1322
3035
9033
4858
7348
5788
5288
8277
6976
4062
2408
1163
7030
8321
3866
1796
3338
4385
7626
1702
1348
1202
7452
936
3290
3811
3096
9450
3150
5877
9729
3964
2335
5798
548
5394
341
6865
6597
8997
5336
1017
7578
7180
8612
6270
5712
5784
1507
1546
2586
6845
2398
5872
6897
1957
3157
837
1911
1423
9882
7968
4058
3901
8274
2915
3274
4258
8351
370
7121
727
3207
8668
272
3769
8296
8544
474
1529
3385
70
130
1837
2323
8533
5048
563
4955
4583
9194
9055
1195
6019
6528
781
4218
3791
2140
6504
4278
198
2403
287
491
759
4963
5821
7966
4991
4010
3421
4276
9439
6282
634
1574
2282
7711
816
1845
766
7005
6412
6757
9321
380
8832
4685
2017
802
1218
6484
1982
8609
690
2872
1992
7818
6761
2299
404
5081
6002
9263
9132
7611
4667
3081
9295
8143
9428
6763
1473
9280
6710
1371
9111
5472
8402
5284
8950
1700
7581
3136
7410
5741
8870
6792
7472
3666
7115
3098
9429
8159
3956
9497
4735
3996
3752
3505
1275
1337
2833
42
3569
1132
6857
2838
7192
6126
3517
7139
6429
1963
117
3907
225
8326
3531
9297
6302
5265
9346
1425
9906
9518
1093
6420
8829
8630
8782
2306
2023
2556
9523
4377
2394
4002
5620
8285
1522
6894
2638
2154
7571
2602
7134
7205
9701
9150
1185
7834
408
6043
4480
283
9272
4386
1364
6323
1253
5988
10
5968
4547
5095
6562
9260
6075
1905
15
3578
5517
4489
305
6279
1332
8951
7175
174
5962
2241
7630
406
4066
7806
3701
1165
9834
5360
3215
1932
2540
3216
1482
5902
6478
22
9494
844
7637
1410
2319
5300
338
6759
4618
8072
6955
2138
868
5811
9904
2820
1960
8673
2557
7011
2651
7921
8025
99
1596
4801
8538
1209
7172
223
9885
6475
3619
3691
3375
6774
8921
5488
5769
244
9051
5423
6393
4140
9772
2043
8665
2705
3645
2926
7997
4253
2374
9614
2504
6230
7987
9125
5009
1880
258
8166
9279
412
6143
9386
1694
700
3990
2266
6009
83
8246
9509
7421
7948
620
3656
9964
1956
5574
1778
2781
4433
8256
7
7716
561
3354
9549
3032
8985
5298
2435
1252
4992
7395
914
6045
6046
2569
1788
3339
8713
9391
4394
9271
3108
9999
3829
374
5686
8727
4038
1137
6013
9648
1870
8069
7803
9632
1568
4985
4269
5706
1838
2789
1793
155
5074
8505
6007
7294
853
2343
9221
7458
8393
1989
7632
3543
4351
9774
3047
4888
9980
5599
7781
3971
7508
3236
3982
9814
8082
5537
5061
7376
2293
5694
61
7979
5023
310
566
4444
8793
3283
2541
7419
17
1157
9791
4909
8608
7866
5442
687
7561
5180
1769
4774
2639
9358
9367
4289
4256
3967
75
7193
3539
8750
4419
5575
1336
9879
8376
5898
39
3994
9943
836
8045
5515
5940
1859
8465
745
1412
4190
763
4367
4408
9705
1152
891
4452
5843
2562
2460
3581
7757
4399
8150
1521
6155
1397
5229
3325
9065
1607
1122
2206
1010
4155
4313
1465
421
4880
5339
1490
7499
4340
3554
7227
7586
4329
9546
5514
4468
7324
5783
407
7612
150
1238
1131
5827
8360
4327
5763
9555
8520
9812
2202
7961
3429
2128
7066
5492
5836
5530
8961
3366
2760
9444
9565
1219
5715
1160
2155
2349
9227
97
7490
592
7956
4381
1629
243
3444
7346
7975
5675
6926
3799
9432
4928
8215
9224
4549
3309
5091
4899
5797
79
9888
2629
1260
6212
2532
5011
3335
1977
6380
9792
4057
3321
7040
2075
896
719
9778
6265
3350
8720
1917
9755
6901
9840
2365
1231
6678
8243
8775
1849
131
2969
2902
4146
56
5361
1512
4988
5934
173
6737
2864
614
1539
910
3609
9723
922
4687
4449
4375
655
7718
7506
2250
6658
4236
9239
3751
1021
127
9563
2440
2794
5919
899
9610
3415
1203
4682
9032
230
5341
8893
6161
6312
8592
1615
4878
6444
2359
5209
7609
7052
4232
1050
1474
2931
2409
4416
5278
2895
4075
5534
4635
8353
9418
8253
1380
7977
6909
2694
7484
2392
6301
1274
6765
7144
2483
1276
5728
2839
728
4610
7316
4876
3888
4499
8194
4447
3833
2029
7701
6252
2324
4894
6743
9742
5129
4095
2261
3911
8756
2695
6105
6950
6255
2549
3029
9847
5538
3745
7903
5261
6869
1944
8918
1571
162
550
442
4915
7712
568
8798
3948
1002
6098
7035
5716
6745
526
6198
1294
2121
9149
890
1191
8510
9434
1151
554
9396
974
8937
5060
337
7746
3763
1016
44
8122
2091
9994
8547
6065
5977
6610
8730
361
5756
2186
4658
2625
3999
532
9490
5978
475
9179
4641
2510
6844
7036
2761
5193
7473
470
770
8485
2069
9022
788
9318
5022
7600
7867
2329
493
9734
7300
9970
6507
8714
3536
4293
8597
3681
2568
5388
4099
163
8722
6156
8724
5128
5607
1309
3423
7879
4574
8164
1701
9142
4189
5352
4927
34
7865
3820
6954
7731
3495
9031
3166
9052
4378
1774
4815
3765
1729
1923
6078
2093
9775
4369
8763
1420
1887
9690
7891
4772
1929
6008
3795
2317
6806
9969
303
9085
743
5701
9860
8452
5697
876
1790
2267
4676
9306
1280
9580
1415
2536
3340
8223
4724
905
5747
3692
9520
6451
7129
1877
6473
7844
3643
720
5252
6332
3070
1545
1164
1965
465
1267
5051
3065
3735
4139
7169
1505
7602
1752
5930
8799
8107
5037
4392
3559
5674
438
915
5173
3560
9907
8203
9098
6424
8540
2413
7025
3633
5961
3060
6999
1040
8746
9978
8490
3728
8515
4206
3915
414
2067
2862
6235
335
3418
9757
4639
3881
2307
4808
9613
9204
3078
8692
8849
8383
8760
7131
9915
4493
7307
9415
9336
3167
940
394
5399
4114
6793
296
6462
2305
9234
3163
7321
2328
6848
9753
5211
2239
979
3109
6720
1372
2089
6502
8705
6816
6660
8342
9918
3548
2671
3217
3056
1391
1113
3902
5823
288
7233
7799
5633
508
2285
9216
1204
6291
8518
7496
7960
4758
8139
4874
2313
6403
5248
6469
172
3466
7967
8005
3831
4359
4036
7738
6986
4958
300
8919
1147
7244
8229
7331
2521
349
3017
266
5317
4336
3628
6438
7349
480
8779
1684
4233
1056
2780
4949
5247
8610
535
5392
3266
7544
2246
9440
3714
2399
4850
9616
5354
4261
8723
3253
9431
1049
8797
9092
6691
5043
8039
5612
6000
1763
4484
9355
3145
3533
5817
153
7627
9573
638
6244
926
4144
1586
1592
4570
4222
8818
2985
1933
1306
9323
5897
5951
9559
316
654
2487
4180
1317
4515
3605
2326
2934
2858
5921
4844
6012
3141
5411
731
6804
1184
2292
3454
4633
4882
8584
3104
6483
26
7299
4156
4938
8478
8340
4598
3659
1409
4040
2238
4620
9414
4053
7998
5616
8564
5848
9014
5665
8174
4712
3198
3199
6194
5771
6151
1782
1576
6224
1659
7290
1553
7725
6696
1842
2179
5219
1997
3998
6169
1456
6631
8717
718
7164
4601
2322
1099
6655
2703
969
3027
5389
3720
238
261
7980
499
3754
3320
3734
2301
139
3565
8600
2412
3402
9001
9777
9598
6722
8911
2340
3561
5561
8922
5313
505
8641
1156
1565
7485
4704
7308
7743
1506
389
6807
1470
4587
5623
1644
2380
3187
5733
9846
3484
3535
2427
912
1865
7099
8309
531
6670
2248
734
2303
7165
1031
6889
55
4331
3345
9063
8263
8676
1083
7341
7801
9276
1045
2414
8848
3616
7664
5584
5759
7424
4287
723
542
3913
6946
1602
998
6566
8863
431
9811
6711
9868
1925
8904
3272
8790
2511
6665
9622
3316
9489
4911
3832
1564
7470
4170
2126
92
6907
7380
6888
3463
1878
8850
6449
2831
2755
2835
4467
5669
6032
7839
7196
3351
7199
3393
4805
7039
2819
7831
253
6386
4173
5699
9889
9356
1891
959
1431
2021
1102
5427
76
5410
1513
4472
5126
7717
943
7678
8354
3844
3355
4762
4451
8083
2801
492
8074
6825
8758
6325
6925
8439
6527
6202
4247
7288
9570
3673
6035
7836
5502
5667
3123
2776
4681
5824
4824
6858
7430
9512
6671
6627
3846
7494
8156
8729
8371
6459
5110
5522
518
5779
7394
314
8085
8637
2810
8293
3863
5163
5321
358
5804
2243
422
9205
1172
7752
9484
7220
1858
1928
3661
6725
3709
2928
2757
4892
3895
1685
4954
7911
8771
9211
8196
4810
815
8089
2013
9730
3942
2988
6082
670
4500
3000
1653
5796
9659
5345
9527
8647
5945
8621
192
2889
86
8026
857
5668
6981
4690
2325
9193
6514
7065
7965
4361
8200
2641
7755
3979
2180
9487
7810
2321
6223
3950
1567
6317
3690
6827
1212
5928
1034
1353
8574
6308
7253
3264
6150
733
3865
6296
7768
1681
2698
9314
7132
6709
1221
11
9390
3898
2279
4202
2535
2954
6805
6714
4348
219
2501
1347
9683
3088
3091
5793
5192
1120
362
7926
3318
3459
9143
2082
1874
9976
4578
9006
47
7140
7314
4948
8131
6559
7082
4997
228
6335
5049
8652
5069
5644
4364
6585
1308
5596
3809
7804
5404
578
4204
4490
2429
8646
1710
897
6172
5042
9510
5787
3815
7411
194
4239
2396
8059
5661
8688
3715
4207
7567
9746
3314
5700
5581
5858
4073
5641
3365
4910
7622
6657
3019
9126
8475
3660
319
2174
9259
2617
2344
6339
9266
6211
3787
8317
0
7332
3719
5748
593
8382
8953
3861
4802
4585
384
2896
8480
9171
5415
6689
8878
3386
7910
4777
4286
3201
5153
7940
8410
1216
6746
4265
9226
5611
7709
650
3413
3410
240
122
2725
4558
681
141
902
9830
2668
7489
1648
4110
4931
4522
9824
2691
5588
7210
9
983
2806
7369
5471
5658
685
3974
213
9447
3042
5075
996
7381
2268
4145
7399
586
8712
1170
1046
8502
9417
711
8978
3281
5301
7658
6549
9886
1055
9003
434
101
3310
2079
7623
6113
9408
6146
4771
5010
6340
5523
7188
2707
3577
9136
7229
2362
6101
5853
5232
4363
5664
2719
5586
852
8892
3151
4773
1807
5829
4750
4301
6010
8517
7163
4143
3183
5529
954
8876
3876
4959
8432
3406
2550
8012
4945
6921
5158
9959
1578
2951
9727
4848
6280
2218
3473
8645
5315
4083
4182
8690
4470
9679
874
8065
7310
8531
7808
8236
4004
5076
2217
7656
6641
8330
7555
8449
3362
8506
5500
1480
9749
9782
6633
8071
6121
9633
7828
3698
5987
5926
3611
2370
3655
5420
6418
8136
4216
3781
9262
9607
3212
8080
5598
1541
3361
3262
8945
3885
643
6176
8269
4024
7790
3287
1198
7859
4989
1299
555
4492
5861
1847
5382
290
1610
7439
8864
4465
9124
6091
5039
453
6801
4208
9569
1239
835
2661
986
3668
8247
1432
5983
5403
4382
3552
8599
4746
3312
5868
6276
2672
4426
3389
4016
6752
2759
1821
5036
2565
7864
6369
825
7232
9818
1381
31
7996
3654
3509
9177
3886
4760
4262
1053
6500
1188
5613
7200
2844
2834
4078
3805
9157
8459
1841
870
1388
1324
2830
9267
6911
3265
2879
5343
1086
7112
282
7010
7333
3241
1558
4898
4134
3564
9638
9704
6732
6354
5325
7453
9850
6582
1025
366
4199
6952
5210
3269
7667
27
5369
5564
2457
3558
4548
2466
7674
9991
5852
5495
9975
6521
1330
8189
8979
6706
3242
7095
286
1699
3657
7951
9016
5659
9798
9763
53
9257
1249
879
1176
143
834
9056
5905
1029
9668
1081
464
3896
7542
425
7647
3360
782
4376
5234
5078
9787
4020
7081
8976
8707
618
3379
1640
9374
8063
7119
7689
3678
6712
5504
4496
8719
622
2099
4064
1805
6148
4147
2664
9997
7373
449
5124
4021
9059
7811
7477
4916
6868
4643
1313
2347
4223
5025
9021
6100
1704
6416
1445
9162
185
1302
5062
6997
3148
4098
7178
2720
4813
6022
6872
5873
1927
7929
4397
5997
378
6995
4756
523
1467
1138
7981
3882
80
273
2007
2621
3785
7528
8835
6520
5545
8497
8987
9604
8315
84
1044
4780
9486
4011
2679
5401
1321
4788
9781
5310
2294
6583
3073
9496
4507
4649
947
8833
2522
8915
6560
6550
6260
1510
799
1621
3601
9754
6948
626
5857
6136
978
1727
1831
5380
6960
7018
9853
1773
8325
1201
5227
5647
6508
1840
8417
4458
672
9427
9311
7954
1543
1004
9561
1114
1775
1864
1844
7247
6006
4744
9274
3952
46
7455
7296
8867
8395
839
6040
2949
2068
2766
9114
4950
553
1703
2793
25
3836
2339
1715
4018
199
6931
3519
8580
3152
6360
6195
6572
9759
8467
4568
2421
280
1555
1975
8539
6739
3045
5486
1394
732
5276
1832
1026
8529
4828
4318
2444
7016
7822
7902
1426
3062
8682
6152
2046
3687
2110
209
8348
7092
2397
5653
7462
6273
5333
6411
9054
9407
1107
4047
6084
4440
2212
7587
8881
8119
5972
382
2615
2750
3608
4473
7126
205
2645
4067
2942
9525
8762
7106
7235
4778
2419
8748
3153
7723
2302
3124
4435
503
9600
572
8151
3012
4045
7838
1255
4179
454
477
3648
7788
2172
5555
5406
6861
2002
9309
9345
2979
8032
6309
987
2821
1675
3680
789
2271
4455
6800
3426
1413
9837
9470
9164
8428
3456
9066
6464
516
4091
9060
5171
4406
5435
189
5955
9215
5758
2618
1728
933
2369
530
1780
7012
3286
5739
3100
7672
6839
641
9154
7605
929
8811
2078
2489
5348
4582
5003
3031
2818
9217
9456
8838
3134
4358
1387
3344
5592
9584
2709
306
462
9539
7745
2245
1828
4792
8477
2733
2095
4525
6537
1228
2006
2580
4007
5143
4642
6653
577
1144
9738
1111
60
4292
4845
5722
1296
3298
7125
6890
2635
1569
4503
4942
7724
581
9281
9541
1646
2882
1550
2685
3683
9560
3095
2930
1486
3112
4866
2156
9478
3916
2445
9916
3632
981
7304
3025
9342
3879
9652
5249
4982
5270
6855
4235
7223
1189
7182
3740
9784
5794
9233
5174
2462
7750
4697
4517
6097
7928
7217
4896
4355
6962
9144
8438
2425
2796
7741
3182
2143
6245
8917
551
3438
45
8550
6851
5141
398
860
2071
520
2594
3788
1226
1376
4671
7123
9942
3232
3590
8735
3520
798
1942
5338
5708
401
7305
7153
3291
5614
3453
2226
2659
7845
9469
8949
9436
2790
8318
1732
4545
9165
299
1882
5832
3034
9625
1382
2052
9526
9682
3514
4785
6779
856
4070
6607
1836
8590
6419
3308
4731
7521
5571
1981
8642
5627
5462
3049
7739
9134
4939
3936
2642
831
3527
7740
1588
1449
4049
4638
148
8489
976
2204
9713
4362
2149
2129
4714
8740
6787
3862
8278
1661
775
2237
6736
6183
6428
5464
4169
3823
260
2151
5485
7758
2077
7437
405
2065
2509
6881
9703
2823
5935
5166
2475
9255
6906
629
5005
3221
9643
4513
5490
1825
8299
1746
4162
9455
9854
6173
7476
3522
1776
8933
2916
4383
2681
4339
8209
2014
7254
9697
1451
6397
5152
7493
2699
1515
3958
391
8716
1557
5855
98
2331
3986
9278
8094
9567
3135
7215
5344
2153
9572
5778
9744
7531
9320
7802
2708
387
4491
3835
8753
866
5378
7434
4442
2710
2587
5320
1340
9196
8866
6050
961
6636
4429
6201
4237
2348
9207
62
5006
2628
1287
539
5950
9712
4422
7208
2088
3563
3403
7267
7917
1934
3606
5622
2019
137
5681
2897
2714
1799
4387
7350
2411
8792
8024
2648
8169
7013
8442
3433
1433
3868
5487
2622
4696
2512
5595
7152
9829
3022
803
3467
7257
2390
1869
1580
1266
4403
1214
3973
5785
1723
8808
9629
1458
7509
3597
1503
8788
786
2894
2611
4459
7149
9832
5312
7397
562
8755
4176
8578
4944
2846
8845
1519
1328
612
8601
392
1760
1345
855
2840
459
848
6241
5908
4128
1912
1243
1617
9395
1921
2018
2061
2295
8632
928
278
4619
4964
6283
4825
9166
3211
2777
9043
8643
7800
2868
8572
3218
3631
6548
957
3859
2588
570
5264
9899
7503
2028
6135
6352
9838
9884
5079
4050
8245
6087
6051
7146
669
9334
3209
9209
7006
3621
5942
8040
4160
8511
6557
8891
4446
2883
4723
6741
8704
5695
2870
1069
7601
1269
1655
2478
5932
3840
2240
8708
6016
5105
129
4448
9213
2334
8455
1985
8783
533
3273
8796
2011
6594
4840
4255
9203
397
1897
6181
5274
2600
2795
5660
4514
4159
7615
2198
6985
4400
8625
6754
3873
1937
2684
4015
9472
544
6581
3227
4636
7133
1749
5597
3639
4863
1054
8210
8548
8103
3256
1650
2590
524
7562
9945
7145
3449
5213
1930
5235
2837
9515
7365
2042
1548
9480
7174
9293
145
8469
2108
9870
9793
3093
865
8556
2646
2120
3818
2476
3596
6453
4280
911
3555
1367
1741
640
4132
5267
8680
6766
2072
418
1501
5693
6593
651
164
3828
7846
4135
8162
1186
6760
4841
6511
5052
2351
5197
4816
4061
3630
1242
3131
4594
7583
1182
6303
792
8424
9844
7798
5297
2992
6327
4019
686
6281
9941
4804
1454
1961
8443
2805
8519
9575
7771
3878
4790
6257
5012
4842
5544
1150
4995
8436
5138
5085
7056
6056
4533
2891
8161
7443
3716
8710
6615
6879
1983
7155
3688
1590
105
8108
1003
16
5362
7907
8577
4041
2162
4069
4907
8568
9587
6935
1673
8352
3585
2384
5056
2050
6249
5240
800
3208
5281
2754
4708
6589
5429
3976
2016
486
1508
7575
888
8847
3394
580
8885
4694
5470
7688
466
5412
9636
6170
6798
678
7941
725
8381
9328
5713
873
4268
7329
2235
4795
85
8399
9030
8882
4174
2210
2900
846
9146
9963
6486
5768
8495
3483
9483
2593
9928
4914
4309
2702
5026
9986
6918
7325
892
1872
9370
3551
7989
6553
2081
9109
7795
1143
3947
318
1639
1540
2770
1692
4718
3946
9360
4977
2885
8993
8957
8887
6849
8831
177
6718
1259
2165
9270
7995
668
9231
1560
4577
1638
6841
8744
7032
4740
4079
1492
8241
6823
5291
1585
1146
9094
8344
3252
1695
8123
1462
3838
227
7086
7008
5929
3277
7603
3462
309
1572
8138
1672
3526
8736
6748
3205
2280
7727
4297
2215
5621
4678
6479
277
8113
6407
6516
178
712
8109
7459
6647
109
6182
1931
3461
6785
2925
7031
7179
2919
7670
2004
636
9804
3331
4754
7892
312
7087
2254
2134
7033
8553
8656
4924
1714
692
5909
1479
4625
3908
4086
7273
2644
2827
2157
3513
6836
1995
1583
8582
168
4488
1130
7733
4586
5655
6209
9568
8706
4379
7661
262
4409
8617
9301
8670
6179
5913
1803
7591
3334
5199
9364
3128
4692
8406
5133
1320
8434
5119
2964
383
7406
9252
19
5720
8130
2608
2455
3808
5916
3293
3026
9653
3481
2771
1549
6782
4006
6357
9903
59
7556
1771
1100
4833
824
8160
5407
308
2873
8076
4952
9681
2290
2098
6947
6519
7530
833
8508
2607
7659
8674
6188
4153
3537
5444
6238
9865
8057
1200
8193
323
2364
887
7785
9937
5900
6400
3196
7412
1537
3224
776
6705
6120
1333
722
6346
2003
4390
7884
8141
144
9733
8884
2244
1575
7538
4197
4506
2233
2572
8896
4652
667
9665
2199
6463
8661
9000
1244
2367
5963
3452
8954
1248
6964
6770
6425
5239
2712
1853
1556
3783
5441
2358
7895
6496
3249
7057
3358
4854
1816
5766
8695
1047
8306
3849
3538
9951
1812
6654
346
9767
8839
7730
2045
9294
5717
676
3762
9493
4781
9072
7520
1577
74
6928
6518
331
7113
220
2567
8778
3784
3161
8016
6466
2731
9409
5161
6558
5536
9462
7245
1835
317
1417
2225
4025
5876
2249
33
9158
9392
5379
1072
8743
9897
6310
497
2100
100
3515
906
9192
2439
1530
4717
8557
8456
6769
2283
1826
3446
154
3302
2529
5112
3637
787
1652
1551
1706
7278
4196
8233
7282
5259
9463
8804
4137
1674
4900
9131
9172
6028
8002
1562
9482
5959
9931
4688
2505
5016
8098
8095
1292
7922
3592
8251
3451
5918
3518
1759
6206
5980
4969
1754
735
1863
32
4508
2570
4131
1645
9027
6406
363
6219
4940
4229
4611
8077
9685
8312
7566
8276
4903
2087
1885
741
4588
2352
4789
7059
3066
1110
313
779
1737
9120
9962
4972
1511
2393
8135
2950
6081
2022
8466
7573
7211
3077
3140
5917
9586
9862
7943
9566
5937
1972
2914
8106
5882
6850
6095
521
7871
9641
2856
7793
2723
7483
9929
373
8228
7671
2968
8810
5652
7642
4847
1525
3382
2469
1342
1459
514
9433
8827
8791
234
7103
9290
6319
320
5102
749
8157
5866
3992
3587
6488
1142
7488
3206
6250
8603
8868
8991
7994
6961
6336
5432
8043
2944
1301
3178
6649
1986
3259
4879
7271
2518
2114
794
1744
8101
4935
9957
2430
3219
1234
6498
1460
5656
7529
4707
2361
1839
9881
3464
8433
900
123
8037
1334
8583
1500
2682
5089
5311
297
1405
275
5377
9808
5907
8208
5355
6542
4284
7156
5103
7694
9693
1211
3850
2497
1698
4283
9505
4412
8322
1689
3146
9789
7236
8942
6472
9106
9940
5233
4597
5008
4834
2452
1168
502
7045
2106
7224
5792
30
5115
1996
9827
7243
8484
460
1193
8244
3162
8188
8805
5477
1070
7429
6659
1851
1532
6474
6358
7151
6854
1542
1867
5818
7684
8914
4275
8865
2886
8053
161
7990
8020
932
6694
2560
7161
3317
7677
3404
1357
7474
8198
9186
4215
4668
7924
660
2142
6054
4103
9802
2113
3094
2495
2649
7912
9684
4753
5540
8419
7457
4932
5867
3953
3175
5879
8693
768
3987
7191
1618
90
6552
4701
1890
4055
6379
1857
7078
7857
6812
7877
1373
6064
6590
5563
3718
9973
7364
2200
8346
4393
9028
517
2031
3137
6190
1740
2976
5837
1791
2832
9376
1768
7345
5672
6576
3258
605
5809
3776
4417
7454
1074
5626
7931
8364
1064
7585
6772
4028
8047
5439
9513
8739
3074
5245
8944
9797
9896
4775
5094
1988
1414
2036
3282
8622
2201
4213
9595
1636
992
1941
2184
2148
2062
1240
5381
9933
7551
8846
8010
3647
7328
3416
8873
7420
880
1974
5393
6410
6268
1270
3532
2890
7104
68
923
1593
5207
4632
8202
7162
7049
1057
1924
4864
5786
8581
4674
7696
999
1748
3593
6328
6571
2216
2337
2905
7874
2330
6914
3058
1006
1035
6112
4065
304
5556
7700
3767
9145
863
4535
7953
528
5365
4921
8699
8240
7367
4648
7821
9121
2229
6887
6228
2678
3099
5834
6532
3030
2170
557
1518
1408
8115
8709
8781
7589
4920
4469
2573
973
2453
838
1843
3874
6936
9253
8017
8634
832
8225
7779
3652
9340
8927
8146
8874
6313
5608
633
7234
8128
6315
5296
5727
9864
2422
444
7847
6477
3197
357
4148
6536
6391
5202
2783
2304
9663
702
6322
7237
5467
3790
3364
2778
6846
9093
6924
2064
6821
3665
5808
5205
5812
8616
4288
8180
9647
4538
7044
9269
742
840
5017
430
8147
8288
6613
1800
7685
4420
5375
952
4498
4046
2336
7385
3244
9325
8420
1118
1450
4118
6377
1403
3127
2616
2637
4343
9624
6834
6440
2688
6359
1777
6158
4831
1904
2963
3624
3926
5541
6108
5957
4861
2538
1943
9457
5
9202
8952
4461
9524
1766
9286
6852
6107
8388
6072
14
4947
4715
6044
8526
1378
2571
9627
9717
886
6278
8986
2613
4706
385
1430
9316
5225
2133
4929
6207
8651
4968
6791
1363
8177
102
6729
9516
7653
9338
941
882
4228
5969
9664
5657
2291
8125
7118
8181
589
972
5212
1468
2320
5609
8070
6811
7497
184
993
3172
9324
7393
579
7379
5671
6129
3408
2063
7619
5370
6069
8843
2877
8512
7699
4766
2428
4054
1745
3204
6762
1282
6448
7096
7467
8199
7666
7017
5990
8104
5027
7478
8062
9256
3133
4115
558
7812
9288
8226
9488
3541
4562
6570
4559
6080
4105
2582
3813
7323
4476
5810
6292
8930
7686
1213
9379
3329
7863
2700
5711
4443
2520
3457
7034
7315
5113
1149
5550
2978
2281
3237
5505
6137
4862
4349
3202
9477
7327
94
2633
4609
8814
4770
6071
118
4534
1676
5526
2814
2909
5324
6011
6611
8110
7534
6643
1351
9366
9495
2296
8662
2792
5216
7422
7645
2711
9954
7197
5594
4853
91
5463
7714
5478
7624
9692
3568
9558
6288
8611
8936
104
9640
7263
3949
699
5289
3470
327
9914
9833
3685
2381
3695
2465
2797
3489
9946
149
4165
134
937
1920
7269
3117
6789
167
2252
9229
2627
6115
7264
1895
7320
4626
7706
5567
195
4738
3852
3468
5724
1798
9135
7652
7274
8298
8776
8192
295
7154
2185
7524
5960
250
6840
6565
6290
4398
8446
3255
1007
4823
9719
6214
6267
1753
4088
3646
1626
7608
7028
3114
6274
2982
7825
5175
7841
5730
1679
8170
1194
3932
4751
4660
8290
5691
739
4637
9902
9413
6326
8129
9333
8152
8732
7351
4328
7693
9061
5891
9357
9794
3743
371
8262
440
3380
6131
6432
2825
7143
1256
8913
5757
2219
7518
9706
2952
9895
7991
1174
445
6971
7904
8270
1291
1810
7266
4937
1140
435
7409
8187
1591
8205
7280
7777
1476
2748
6454
6953
7621
6348
8852
6775
3545
9621
8078
8004
2255
354
3435
6455
7272
5687
2610
7870
2073
4994
3705
9678
9947
5774
9025
110
58
9047
738
6992
3985
1124
2677
2277
9353
9403
5822
7519
2921
2640
1613
4217
3143
1668
1066
552
9009
1815
4421
9277
1178
3963
43
7606
1918
9671
4523
4737
8908
7599
3732
8879
8355
818
6668
1374
8570
2090
8836
9049
3477
3917
9351
4936
5208
3988
5015
3684
3356
9514
8473
4999
2309
6482
6083
9199
4970
9894
3228
3378
3965
8385
4234
7552
4689
9190
1154
4485
2259
5743
6644
5080
8283
9500
1032
2168
4634
9761
1268
6871
9402
8197
6068
6199
1531
2534
645
6512
8567
2583
5764
2224
646
1616
6110
7382
7089
9547
7507
7277
5577
1747
6626
610
2438
8823
584
1013
1707
9183
8184
2086
1082
8640
8639
5368
895
3710
8498
5572
6864
4589
4245
5865
8910
359
6966
5178
8158
9805
6564
1954
5629
5859
3494
1121
3933
2041
2525
7148
1794
6178
6338
5554
5021
3292
5719
3826
3102
6229
9950
2887
5221
4389
4971
4093
977
7098
9542
5443
9592
2263
7759
9920
9574
512
7286
7218
6125
1779
9100
9074
2025
478
441
603
270
582
3841
8023
6929
4129
136
2194
9361
9129
8073
8124
1883
909
8857
6396
226
9582
2974
5698
2491
1498
3853
6275
5409
8875
8948
3040
6226
4122
456
7501
6197
4178
5068
9859
7291
6574
6833
5566
9810
2178
6884
6217
7923
7692
4962
107
7465
5140
9347
4912
3023
9852
5139
1758
6441
9620
7815
5329
4673
809
5806
7635
3304
1159
9191
9696
2234
5638
9990
1030
8369
5107
8163
7657
2493
9248
7848
1624
5847
7959
9909
6367
4402
4679
2670
4680
41
142
1284
5131
7914
5305
7037
6652
4818
5560
2060
5688
119
845
989
3234
7905
4022
7335
9593
9091
7577
5353
5516
5396
5484
6826
457
419
1316
9816
7660
5881
8370
8097
7157
2350
5194
1395
3693
4505
274
9246
8239
2663
7590
9835
3085
9467
4059
3370
9220
9698
6490
5828
8686
6546
7079
9783
3315
7311
5314
2055
7500
3764
7060
9438
3739
8565
5024
6942
3011
9880
7974
2811
8120
7401
2161
7691
179
6612
7391
1134
4456
4111
2848
5475
5272
6153
1033
9365
2164
3377
7046
6085
3612
3020
6307
339
2410
507
9127
7093
7275
2368
8644
4957
2496
3357
7784
811
8289
8294
8058
5189
7260
541
7160
8856
2342
2539
6398
9898
9819
7262
8261
257
3125
3534
9849
7100
6672
8028
1229
705
6874
3472
2728
2741
6493
8144
716
2542
3069
8493
8212
8445
3220
2595
8802
9394
585
4164
5214
2132
8292
4302
9511
6390
9449
7359
8302
9748
5480
7861
3155
2117
1894
2269
8761
2939
7181
2039
3797
1534
4616
8137
8304
4890
2962
1338
2656
9219
3607
8335
7792
8401
2632
2208
9985
6813
1112
6944
5692
7048
9330
8373
3497
867
3427
2048
8561
1938
6426
2447
7537
6200
6943
330
7170
5121
9639
3009
5456
2845
3024
6982
3189
4665
624
481
7249
7742
5253
204
8279
4310
4581
6620
6057
8928
8777
4902
5751
2030
1448
7377
3892
5303
5721
4796
8264
6261
5041
1677
7252
1305
4546
795
597
157
3806
5448
211
5678
1452
9720
7952
5436
2402
4603
196
1797
4482
2519
2222
5066
4617
2764
9649
3686
1175
9236
3574
4035
4424
9380
3671
4324
1196
4330
7794
2377
9026
6829
5473
2799
7213
4881
653
1647
7343
7279
1600
2024
5292
218
2338
1935
5791
8658
4599
2765
6569
483
7695
5936
810
9473
336
6777
4281
2828
7319
8623
2471
1990
1297
6066
7817
4353
2775
2566
4860
935
132
1393
9068
644
6103
159
8650
6749
1533
5151
1730
9669
5924
2746
4539
1860
3405
1620
3989
5038
3927
5966
5319
165
9538
9825
4149
2181
7150
1552
5183
8701
956
9591
2881
5283
2527
951
994
5243
877
9922
9285
2924
2970
5120
7908
598
3369
9298
2470
1059
6077
8183
197
3499
267
8998
1907
9261
5508
2841
5020
7043
9079
9758
5118
6333
9822
849
1005
1116
2577
4314
2434
5114
717
1818
2626
5433
8363
7862
7360
169
652
4396
7780
7041
7868
1563
9481
9180
4048
927
8121
9892
2141
3177
3600
7774
4198
8765
7988
9451
1051
2404
2701
2756
8535
3724
4877
5548
7682
1804
6510
9848
5230
9615
3230
6686
4837
7120
2908
7939
4130
7014
567
4979
294
3839
5744
2256
4655
8426
6145
3171
7915
6703
2188
4391
1535
1207
6993
648
6177
2782
8310
2706
1389
1392
291
3071
7124
2354
5494
5458
7287
3746
1012
4267
6376
1230
355
8422
3068
9151
2488
7919
1067
559
8483
2490
3289
284
1635
9912
8486
1570
6616
6141
9779
9057
7715
8190
5007
8821
604
8345
9506
1926
2264
9965
325
3562
8339
1024
1705
8252
7973
9352
1399
5134
9820
6847
3842
2859
9803
3893
5445
8981
8602
769
4034
8168
3194
8965
2001
8655
9419
1709
1484
6638
4100
471
6919
8061
8615
7448
6404
6637
5600
7765
4966
7955
9660
9535
2910
1158
772
7167
5426
3239
2247
3439
3939
7209
2907
5954
2038
7814
7588
6608
2176
5386
4809
2762
2289
8035
1978
1429
7019
3271
6421
1688
7805
4670
3278
4303
239
1967
4167
3997
8840
5776
4037
8733
7945
411
8337
2898
334
2575
4013
9283
1526
5493
455
777
7074
3757
2747
3529
5419
5050
5111
158
1177
1964
9984
6485
7773
1180
841
2047
9459
5384
4561
8772
1809
1817
8305
7221
4664
9737
1736
8185
3931
5130
2458
5684
510
6042
1192
5159
2461
7464
5863
2875
9507
4450
4726
1440
9770
1649
9635
823
321
1623
6109
5591
5196
395
3235
7925
7502
5631
7285
1901
4725
140
703
5973
9932
5714
6036
5830
6728
1076
6215
9037
7737
4654
1153
8142
4210
3670
4479
9901
6297
8562
6491
8267
1318
5132
5557
2983
6263
9601
8955
3920
7957
8769
9842
2115
7390
5201
6692
9876
1906
7517
7597
5568
7548
7570
7592
3080
487
4826
9119
9024
7413
9499
6222
6165
7416
5337
953
3741
7850
1263
6530
5106
4567
8001
2070
5745
9018
5063
2739
7085
9968
3871
1257
1315
7843
3822
6213
9258
6614
5447
5457
8721
9363
1716
780
4257
6060
3367
448
8408
93
7756
8854
8384
6259
8888
9329
50
8880
3970
7680
9599
9466
9359
8698
4334
5425
6646
2312
3766
5864
8784
2813
3425
934
1612
5726
124
966
2689
2863
5624
5511
2097
5587
9105
3130
1472
6916
793
1966
3968
3014
217
7824
9662
1286
1419
9238
7405
4504
5666
461
7654
1886
8543
8992
9890
6481
8201
3775
2492
8494
7849
2817
8268
7195
5145
6544
2146
9966
2920
7356
6573
7826
3803
9130
4033
8191
6863
9128
5632
9070
1466
3557
1609
5046
1854
5149
7318
4434
6133
7558
7190
9062
1866
4454
9097
9675
6895
7549
6171
2169
5019
1063
8741
4081
3867
5390
1250
5805
1665
1325
9578
3181
8773
9745
3371
2054
861
3969
4294
9373
4495
4512
7935
7067
7669
762
7400
7127
1947
1471
233
7913
1441
6090
1589
5549
2912
8691
8038
747
2869
7646
8003
1631
6272
3498
5860
1096
5172
806
9687
3337
1696
7526
3943
8898
1477
8090
649
6233
5400
9251
7187
2286
694
6258
4260
6994
3955
8176
9206
8362
2057
5168
9305
1764
529
885
4226
2680
2673
2730
4457
964
2096
4752
5295
6967
8297
1502
5634
3711
6025
7634
7363
9715
4191
3910
4551
9801
5136
540
4759
7185
9934
4
1181
3414
5605
2196
2482
6492
3306
1422
1959
246
5754
285
3821
3169
5736
9383
4998
601
9421
2763
146
5364
3589
6539
3455
1312
4486
8015
6600
8258
9650
3326
5802
4993
9273
9161
5167
709
9471
2876
675
9141
38
3180
3702
6853
1896
3622
9699
7964
2808
5570
854
4748
5777
2743
3458
2507
8934
7076
1329
6384
9739
5974
9875
7021
3700
4623
3675
2543
6408
3824
7107
3250
6023
4767
3747
4242
6529
9504
3649
2203
3586
7936
7920
1078
5316
3549
590
8227
3254
5956
9254
4584
6684
3003
8593
5088
206
202
2849
6717
7855
1400
8431
4335
8809
5293
2190
3777
6809
5590
9935
6987
8558
451
8507
2901
9987
315
263
3725
5506
6758
7999
8265
5266
4776
8175
111
5044
771
9953
8450
2647
8220
2426
519
9919
706
1683
5460
3935
1547
7878
8333
4782
1761
3827
7116
4827
4084
7983
368
7835
2406
9039
8311
1359
3924
5065
1669
7238
2375
3195
1604
7259
51
948
6786
1893
1128
1463
9537
2989
6877
7004
736
9554
4356
7248
4812
329
8374
1167
6856
3603
1295
7927
268
8481
5775
5430
229
2420
7198
3092
3774
707
2758
4192
1968
3121
1876
3516
2842
210
5679
251
7631
4401
9304
4716
1787
6034
9855
7613
5539
6738
8734
1862
9626
7475
1813
5639
4627
8657
5449
6933
8614
931
8034
6316
821
4563
5203
3188
2405
1339
6205
6234
7890
2049
3305
479
7183
6656
8056
1889
9826
5241
9067
991
7568
9078
8134
4312
9035
4183
946
3712
8488
5335
1217
2860
8828
5958
9785
7888
2227
437
546
1719
2991
8499
4536
4779
6719
403
5525
6375
5269
7547
3623
4797
4477
212
7832
1136
5982
2502
8007
8546
4094
5190
2559
3448
9765
9389
1946
4686
7388
4272
3222
7250
7978
1739
7479
4072
3191
1058
4453
7258
619
5033
5518
9411
3786
8441
4934
9971
1199
9169
193
3267
469
8145
2623
3650
113
6673
8694
5330
271
6750
6256
2423
8929
5889
181
5327
8430
2734
7703
6938
8974
5146
3780
8358
4071
5527
3059
9695
3883
4161
2376
8938
2092
7402
7389
5402
7744
3782
2395
3962
813
3812
13
918
3387
724
9335
2774
657
2666
3768
4475
642
1011
6880
7595
3190
6998
2530
7830
5413
2220
8075
1254
6355
1104
1682
6892
6726
3615
9982
6164
7899
2958
4747
9168
3641
7368
6191
7342
7896
1039
6513
7186
8357
7097
8050
6688
7283
9861
9241
2922
8801
4657
4102
5878
48
3749
4543
3594
4615
8872
7427
1898
2459
8613
5856
9863
569
907
8284
538
5552
5397
6139
3261
3086
5871
9303
3013
6286
3231
4830
2167
9809
1424
5749
125
9041
8959
6522
4904
2947
2598
2537
1958
1129
5761
9406
3617
8088
1855
8091
4185
1767
7135
6883
9988
2553
2726
1789
7055
8029
8378
4612
4727
3106
8606
3778
4918
8684
710
843
8273
8116
8687
183
7408
2187
8
69
3750
1850
7582
5670
2037
8521
8178
1598
9182
1720
6456
9099
7942
4887
9750
4136
8841
2744
7468
121
9086
5350
6470
4052
509
7858
8084
160
5304
9667
6353
6295
750
484
4528
3397
9725
1801
2012
8307
4001
5676
2822
2803
2769
6138
9189
4595
8745
4264
871
5254
7504
7284
5242
7880
3978
925
9974
5489
6471
7572
8295
3730
9044
1162
4540
9430
6005
6645
3945
3116
5160
9167
3959
4917
106
9381
4930
5953
8551
4527
9461
7027
6186
4172
6134
171
5845
7418
1478
8235
5803
3390
410
4212
2977
3115
3503
3934
5998
9728
8132
4564
5949
8259
3980
9174
8604
1261
115
1171
8211
2631
2815
9768
3383
8931
5045
7937
5816
8435
7930
6144
7407
7881
3384
9228
4299
7553
6568
4683
9317
6632
1233
9090
5191
547
8470
9265
1658
7445
2636
7225
6595
9116
7122
2008
4341
6730
7206
919
6815
1487
1183
8925
5662
4817
3556
7901
3981
3434
6831
3174
3595
2544
6465
5452
166
6820
4437
3376
5116
2357
9856
8666
9393
8890
5222
9645
827
8365
8871
2297
8207
2468
8127
4868
6619
6606
6422
1108
8114
7241
9282
4414
1899
2516
8586
4975
1438
7222
9023
5187
8894
7378
842
2005
5356
596
7071
4819
3288
5984
5617
7720
6773
5839
1407
595
4764
82
8977
6321
9630
1879
4580
5031
3869
7514
5704
3689
7202
1251
2125
5521
7663
6957
4644
4428
5533
7302
8451
8087
1119
3165
376
8789
6343
4193
1205
3004
5255
2692
1594
2123
3991
427
8280
4925
6431
1361
8464
2116
1784
7064
7246
3726
5186
8042
4672
8663
7993
6402
924
5583
659
7906
9657
1690
3348
4961
4374
6027
498
1303
5446
9910
2213
1584
955
8552
7102
6434
917
5451
222
4693
6458
4277
3679
6867
6220
3755
9208
4906
2773
3327
1398
6117
8536
600
8368
5083
1910
1686
4097
9422
7487
4109
7080
4631
4980
66
3500
2555
8271
5625
63
276
9522
9452
4117
1368
4251
6370
7655
2442
5938
7687
9310
5275
8794
9069
8812
6555
1873
1173
661
7649
5971
7026
6239
7009
3707
8281
3819
1949
1514
1633
3918
6903
726
8319
7827
388
6588
4784
6192
2940
3937
8764
7240
8731
9170
6242
697
2657
4188
3566
9465
6253
3072
1271
1915
1354
7569
5414
4337
6116
9773
6980
6147
6070
8766
8537
2892
4266
390
607
7640
9732
2486
2874
7735
5985
3875
2888
3984
4270
9017
1566
6210
1404
7916
9378
3064
7339
9843
6882
7084
2480
3203
6941
5098
3341
1724
6351
913
4865
9446
6437
4478
8313
9232
6915
6830
1103
1783
2884
5287
4200
6240
8329
3905
1098
6554
4060
8715
6744
4728
9995
9096
413
7909
9806
3620
7451
9398
1671
5520
6208
4231
7852
5331
2258
9936
2850
5176
9341
9576
8523
9476
4441
9284
3330
4464
420
7219
120
6756
9788
256
9553
254
252
2035
9118
758
3525
6350
3528
785
2619
6797
4354
4571
2166
5290
7638
599
2441
2103
4713
6623
6237
8287
1362
6860
4316
8391
9631
8237
3721
8275
2816
8380
6676
6149
4901
1043
908
8738
587
4806
6320
5725
5346
2669
7885
8973
8249
7882
6225
4646
9375
6899
5649
5772
8751
6876
8328
8807
9979
9173
5256
9222
7748
814
1625
7982
3251
3983
4347
6771
2111
6018
3430
1497
9702
1084
1223
3067
3800
8700
7736
3954
9658
2407
9296
5573
4384
5084
7374
6329
2163
3567
5181
4705
9275
9545
7789
1735
1489
8219
3903
40
6053
6835
2152
4613
5931
9800
4121
5886
4659
5154
4922
9736
3079
2653
7662
8224
4008
5781
8474
232
7763
1127
1595
4497
8504
8096
7230
6102
7075
1785
2658
6439
1517
3677
9597
5789
7557
3391
3638
9453
2751
1323
1264
3629
1190
7003
9908
1241
8347
7159
3491
6533
7306
4666
7070
5601
4722
71
1018
8702
7813
8677
4783
6700
9654
340
7708
3951
6154
5964
7415
4244
9082
2137
1516
5279
830
8503
1327
971
2899
6460
6802
2866
4793
817
432
6001
5996
428
850
8044
5309
1232
7207
9369
1365
9313
5894
2372
8566
8444
443
3246
1725
761
9181
7281
4184
8501
9877
1951
3792
3016
8468
379
2693
3940
3015
2388
1485
6661
647
6168
9517
2386
5200
8155
6218
9724
9656
8389
7886
3814
9420
9137
5387
5826
9534
1475
6599
2311
3485
5367
6817
3938
353
9958
5047
7887
3349
7375
6079
1756
4591
2523
1811
5127
7438
5097
9771
5164
289
8308
5372
2192
674
5271
135
35
8118
1273
4986
1097
9308
2316
4311
1601
3424
3257
3492
5228
7136
8099
326
6778
4039
4151
2318
4027
1396
8216
5282
3170
7791
3664
5833
4142
1088
5925
7775
1717
9201
5604
536
6923
9869
757
5359
869
7068
2997
6731
5524
200
6862
279
608
488
5885
2993
2967
1660
4814
7002
3736
4203
6356
3173
7435
7398
4238
3722
1544
9115
9711
698
5844
5513
5286
3160
4614
6968
2477
1028
5013
4872
9807
7869
5342
2531
9187
3238
4871
3697
8534
9405
8679
7094
6227
1495
1587
3493
5001
6545
3798
1289
77
8982
3142
894
9581
9530
2432
2508
7460
8204
6381
5226
1418
8636
5746
5371
207
5762
9589
6446
8675
6298
3598
995
8248
5032
5004
7228
3854
450
883
7564
5358
1210
2273
281
7535
4427
9722
7450
4843
9740
1406
820
7545
662
8217
4296
7807
9435
6157
8437
3682
2473
949
3738
7326
1224
2130
6828
6031
2027
3412
784
2084
54
5469
9913
5813
2415
4407
182
8770
5491
5874
247
8588
5683
3704
8409
5999
8186
2643
1464
4851
3006
3132
1491
3450
9780
5869
7778
9214
3737
7384
7541
3476
175
7091
5846
4553
8334
8496
975
496
5117
8405
5053
6394
1042
4530
4087
4832
9673
6784
8964
5072
6132
7495
7337
6687
9721
7766
5408
9564
2058
1038
4410
9661
7168
1065
754
482
3510
627
3313
560
4703
5635
5800
5615
176
8968
5455
1999
9349
9609
4195
8046
3891
6468
7414
2205
4012
5923
7142
791
2353
8555
6818
2020
9603
9089
4220
6680
3923
9608
616
7984
4344
7189
6497
5546
6059
9117
8563
3733
133
5767
1888
1822
3053
9040
1310
6682
985
3756
6349
6264
5251
4554
9081
1000
5332
9550
8860
7007
6927
3225
5920
9666
7516
7361
1370
7769
6347
3845
3299
6231
3583
9148
6385
2932
7022
8111
9688
8889
7147
7396
696
2197
7594
9401
9485
5994
1795
2923
1145
1993
1922
7442
8398
2591
1605
6061
1319
8008
3993
5299
7705
8895
889
6878
7872
6940
5880
7554
7598
884
4483
7330
1900
4913
3614
3311
4943
9536
3156
1279
2366
8988
5483
4076
5405
4600
990
9348
3185
7050
4743
2829
4282
1833
7643
8579
9917
4605
4211
2579
9871
8926
3588
8975
3028
721
4908
7295
4460
5459
3359
6664
878
6735
5532
5395
2119
7614
4241
73
6495
2517
1401
1073
515
9235
2456
1611
8576
7051
5479
5735
6524
8861
8100
4291
2752
6751
4325
751
7546
549
8635
2564
3276
1095
4537
7574
2298
8587
3432
693
4730
7933
4590
5815
3855
2159
2032
6783
6166
8030
904
7576
4897
5825
5645
1606
2809
3897
3961
3119
2624
5696
3300
5682
4150
8387
8757
8055
9198
5465
369
7560
8696
7675
2147
5220
6598
4254
187
1355
6708
2998
3442
8418
1770
3346
8513
7650
7432
3501
6551
4526
8541
4857
9762
7616
7747
1483
6236
473
9184
8195
9315
7833
6984
5461
1447
3431
2127
3699
3333
5887
356
9726
5975
3696
9796
8681
7426
4413
4209
7676
8664
6996
7512
606
9042
6910
8397
7480
1755
5373
5177
7856
9210
5892
8932
4849
8842
6142
2260
2918
2948
3487
3445
8011
6185
8855
8014
9153
5801
2391
3663
6596
4438
8457
8403
7860
950
6970
8806
4700
2721
4090
6695
3570
7648
527
9921
8423
8206
688
9264
7797
8830
7023
8786
4320
701
5875
2718
4163
436
9571
3928
8413
1457
5967
2223
6991
8595
7444
6330
8737
1
3602
152
4321
611
4698
5979
3848
8924
4338
8052
9552
6442
2563
67
1155
5453
2345
4042
96
5092
9138
2034
525
3851
1437
9454
6122
8149
6114
1722
4555
691
1281
8649
5807
8905
2506
4794
6677
7053
6781
2917
8920
2552
2987
7770
7352
215
9689
2547
2118
2310
5217
752
4592
2211
3154
7511
8718
2674
8213
6300
3804
3479
7644
9218
351
2597
1197
4732
4883
8182
3506
5535
9385
6160
8960
3374
8173
677
1971
9237
4250
5742
8659
9873
7433
9992
3772
851
7732
6605
1343
7754
3007
5280
3419
3742
2160
8066
3101
7962
6248
5528
2791
5899
7851
6974
5014
9708
5654
1762
4366
3919
9872
7371
3858
345
6047
1892
2596
5582
2660
1909
2959
4430
9088
2102
6873
1875
3144
7786
1446
402
921
7543
8844
5058
3511
8000
6055
2272
6509
8429
5648
9372
1952
6958
3542
6905
6963
9680
6378
7719
6074
2000
1288
5718
9716
5903
3168
5244
6715
6344
5841
9368
6374
9034
4201
52
12
307
6128
3900
9618
1326
988
6939
2893
1133
7527
1375
8218
7293
511
9972
1913
2379
7533
1335
365
6067
1903
4000
5509
7972
8301
6538
3243
753
6663
4951
4647
6314
7840
8946
8660
4432
623
9612
6896
960
8153
9122
116
7072
5948
9445
9989
684
3120
1998
6373
7212
1970
3512
4305
8447
8633
8221
8500
1390
6951
29
1331
1298
9577
208
6450
4365
9155
8081
4032
1651
9038
2742
7088
1290
944
8683
6531
9083
4976
8598
7767
4502
9878
9709
7875
3103
7776
439
9961
6698
5029
6334
8324
8018
715
1581
5842
3126
8316
6721
6640
2274
5896
3880
5170
8461
5109
1916
4769
81
665
4246
2946
2601
8414
3147
4308
4085
7216
6578
1627
8939
3486
8575
6575
4787
5946
9700
6794
6515
3770
6461
2107
8013
1945
6900
9140
6733
3667
5519
1352
2737
2346
9686
9557
8171
6063
4166
6742
4741
9508
9531
8112
4923
8327
2953
3082
5992
8530
576
7231
4271
2059
1077
1711
5893
5383
5122
8984
2984
9299
1245
4516
4629
9426
6973
8272
1962
2745
6685
5440
424
5307
2109
7423
7734
9332
9751
4996
1222
4604
1871
20
37
8148
6622
7579
5707
3469
1656
1939
8453
2
9548
4895
9077
1265
7728
1369
8462
3490
613
2606
2956
8569
7461
1538
7491
2010
2253
2251
8386
1166
3482
5910
5082
5603
746
5323
7976
4978
1634
9799
3591
2784
5914
7958
501
6039
7083
713
2980
348
9981
1955
4101
8479
5637
1071
2262
5838
2933
9813
8916
801
5169
6111
3400
6621
472
2191
9437
6780
8440
9362
9050
1416
214
203
249
3129
328
426
446
2124
9585
4531
6162
8068
2308
5870
3051
3864
417
6977
3672
2955
7440
4371
5059
8703
6526
1786
4983
9287
6667
8996
4319
565
7523
901
2935
4628
8482
5862
2085
5142
3478
8350
5030
7108
8093
1314
6969
7641
5705
1001
7889
8624
1948
5086
5263
7540
729
9955
3050
6893
1914
6118
4501
4436
4608
6965
6870
6891
6364
3894
4326
1969
7498
6540
583
8400
1666
433
7823
7971
2053
6747
3914
8471
2232
2740
4835
7109
708
2662
1215
9521
7580
4030
6021
3138
7697
7820
2965
9195
8522
1984
5799
5366
6902
6937
1019
8966
5002
6556
6669
6387
3210
1356
6693
2665
3575
962
3226
8678
7679
2474
490
2753
6405
3443
6433
6753
8906
7184
8048
7610
2189
4710
9927
5155
7138
2995
6978
3475
9185
5034
2360
6389
6679
8232
3268
9590
8367
1041
3860
381
6690
3139
9588
6130
9611
9291
8817
7873
9102
2383
5498
3332
3817
4965
3642
5054
4063
4691
9851
4295
9107
4445
6204
1439
4800
8787
4345
476
3530
8909
7340
7471
4650
9112
4669
6004
7038
2221
7347
3122
982
4333
2972
9766
5454
8820
8516
9250
399
9503
180
9634
1262
5729
6885
2436
9623
4630
6271
6651
7141
2960
875
4575
3546
9815
6543
5123
9443
7158
5231
1052
1455
8940
3694
2589
4663
1614
8392
2278
2779
7042
6724
8815
8654
9053
3676
1272
2614
2945
7298
6193
6499
7510
9731
9013
4662
6912
7550
4532
6788
2173
3054
8618
6567
1206
3395
1247
2724
4736
3352
8907
2798
5915
5340
1641
7469
4749
6959
3975
8605
4981
7949
6447
8314
2287
1881
6922
1349
221
6886
9993
6062
1678
9691
7944
7176
8086
9075
7239
2418
7525
8230
4138
4133
7137
4552
740
5071
2424
8573
3760
6983
3159
1236
1092
78
4973
4933
6713
5351
6603
4119
1765
5933
5236
5689
4112
5618
5553
1976
4569
7842
9996
6932
7114
4684
5650
8133
1469
683
4919
7932
4768
2576
7255
344
9776
114
7772
4755
8816
458
5562
8407
6584
9400
4219
4373
6917
4154
9651
4734
3179
1246
9491
6243
3324
1697
5328
1384
8594
5179
3899
3618
3573
3521
8571
2513
1161
9412
7297
4323
4029
4675
790
3930
8747
2999
6014
5198
9786
3753
4742
468
1820
8031
4487
8620
8532
564
3296
682
8214
4395
4474
3005
7819
3889
9874
4123
9562
9769
1713
6106
4729
8947
4003
4891
9425
128
9579
5421
1708
8179
3083
5912
7729
3285
367
3717
5363
4520
7596
7355
7897
5677
6838
9113
3847
4821
3807
2009
6580
9397
9005
6342
4786
7721
6592
4711
377
301
5273
506
7563
5000
8286
1008
9247
6409
5499
6675
4721
103
7893
1654
639
9123
5374
7265
5147
537
4187
6898
5087
9479
4225
5952
8463
1664
2654
5070
2171
2975
8697
8813
3186
4113
3294
1037
8667
6395
3307
8983
8027
3580
7301
2788
5593
3440
3353
8222
7515
4471
556
8834
8803
9178
6038
2857
8962
2524
7171
9163
8487
2686
4886
7383
9377
1428
8963
4181
1169
4602
5294
2145
8969
1733
7628
4168
9747
2401
1080
8332
8591
2136
3708
2729
778
3010
3610
9212
6216
5939
4889
2315
7015
5819
2981
2867
9752
1346
495
8923
8394
3465
7539
8886
6119
2937
8767
4606
3944
2378
4709
2704
1919
6701
7946
9556
5437
760
5099
6577
6427
5685
3033
5195
9502
352
4141
9095
5223
7387
1680
6618
3662
1819
666
2448
9010
190
3674
7436
6187
2472
5476
2855
5148
9460
631
632
7353
3018
958
8589
1443
2971
112
5731
1632
2716
9764
5466
7710
6487
5238
1075
5640
9893
9388
5277
9930
2943
9159
7166
8338
2209
3301
5551
1806
3547
6430
1300
7312
9371
7194
5246
4194
2231
5257
5820
5510
9637
9104
4248
9823
5135
2450
9200
6666
7876
2938
5028
2363
7466
6371
255
5424
8323
3912
8826
9384
6517
1101
9956
1603
2630
89
6972
4720
264
5431
7425
625
1089
2230
591
2389
819
9926
7404
7505
6842
6331
9312
1830
3399
5204
5965
3729
8989
9344
6311
3640
1504
4152
3417
2581
322
1235
9967
8648
2609
4240
5773
1022
7559
744
6048
3540
1499
4893
2548
3834
2599
2139
4279
8172
7486
3713
8752
9354
5376
447
6073
7722
7625
2584
2936
9302
5125
2852
2417
1123
574
4368
2284
2767
5944
939
7276
3409
7969
6020
6630
8943
7372
7970
5680
5927
5780
9674
49
6699
6795
57
5732
3087
8549
7101
5543
265
903
7201
5349
9410
4974
4838
9519
3420
6796
2416
9087
2800
1258
4987
1344
4967
4509
3972
9983
3626
9944
9108
2150
4322
3837
6586
4405
8343
1738
7073
8995
298
1020
3113
6767
5565
5911
3248
8596
5770
4541
9817
360
72
7617
774
6076
8859
3038
9012
9533
4990
1693
1135
9133
4941
6716
5710
7665
8260
8234
2144
2880
1341
1139
5753
628
8476
9551
1237
3572
1126
9543
4576
6361
3723
630
8303
9326
8824
6254
4645
2634
6956
3825
7226
3343
1444
9743
5334
1109
3213
2033
4481
4230
2135
1360
5589
4360
2443
504
3644
4031
9416
5981
5976
7336
5035
6247
8033
2713
5150
4926
965
5835
1751
3076
5995
467
248
5308
36
6285
8079
8377
3830
1608
2275
4885
1036
4855
9289
8685
5306
3373
1068
5602
1712
7584
147
7128
2494
4621
9160
7683
7713
7809
7054
3381
2051
1663
4300
1141
3929
7357
1307
3388
942
3284
829
872
2242
522
9084
2193
7047
7753
386
5547
6104
6561
3627
6875
1277
2574
1536
7062
6949
3748
9249
9244
3263
4298
5723
4104
3158
1358
8883
4822
6383
9424
485
6093
5851
9073
9139
8671
8970
7362
5398
6026
4791
5765
9887
967
8366
6843
8853
1148
984
2911
2463
4439
5831
2528
6289
1823
5734
5206
7761
2371
5884
9242
826
2131
2300
3398
9821
4380
3941
4550
4370
6175
6015
6180
6221
9911
3802
783
4566
862
6541
8990
1994
6003
2592
4859
8903
7854
679
6435
5260
2973
1304
7058
65
8902
9883
6979
7334
2182
9441
8967
1734
8231
7651
216
4702
6617
9672
1493
452
9583
8140
5357
1115
8980
2333
3966
3118
6624
3323
4622
4388
6306
8626
4346
4080
7366
5184
8105
7309
6824
2650
2941
429
8255
689
6287
2551
3107
573
2966
7707
4332
8067
2843
3270
7898
6790
4856
5318
7447
494
3801
4765
9292
7204
4653
4425
9240
6293
6029
1283
7428
2904
4524
8041
3584
7261
1662
5250
6734
1411
9071
2228
5760
8958
1436
9492
9245
4836
6203
8421
9760
3758
8341
9458
9448
9339
5224
545
7593
1062
6908
3392
658
9152
4651
5391
8266
2865
4108
6037
1386
1687
7001
9528
3579
4214
2696
1718
2158
4596
513
4803
4761
9243
3904
3105
8774
1802
2177
224
7386
8559
8900
2066
3245
2561
3502
2257
5703
8669
21
1377
6628
9382
8282
2802
3816
3319
4243
6755
2847
9064
2738
7816
5144
6251
543
847
9103
1481
4807
8627
615
3279
796
88
637
1834
6318
2676
602
9925
7344
2715
6452
5090
3063
8458
4572
9694
2101
5347
3200
6990
6196
8238
7358
5450
5901
5438
6866
5752
9710
1808
945
4867
4519
6413
7782
8060
6859
2485
5737
4315
6808
4017
1757
3810
1619
5067
9960
9058
2183
4661
8359
6232
938
3084
7883
6480
2467
3223
7289
3771
9268
5941
4946
9606
9002
6324
4411
755
9156
8800
2826
1846
8638
6017
5101
9188
3843
671
7203
2736
1208
3441
9029
7702
1520
2604
8585
9387
4372
9307
7077
8780
6591
6058
2927
6988
1179
1781
8619
396
7446
9714
8412
3297
737
108
6799
188
3857
1220
9076
7900
9841
4984
7292
64
7618
3176
3075
7403
3057
3021
500
8454
1509
5782
4307
2015
9707
4285
4342
2683
9464
8006
5943
6414
7313
7317
5606
4852
8912
7668
8375
930
5434
8356
1824
4106
9831
9399
7061
1642
8554
1731
6535
5057
3447
4624
3635
8897
5673
4560
9866
3887
5755
6124
9795
9741
764
6662
1278
5416
8291
4026
5849
3192
7938
8448
7020
245
5326
1496
6814
4274
2122
8331
7370
5064
5702
269
6304
4158
6601
4811
7338
1060
8427
3488
7063
5497
7482
8492
5580
5690
9300
4177
588
8404
858
2675
9442
7633
6587
4290
8749
2906
4870
7796
1061
1366
8349
5268
138
9836
8379
3214
9905
8009
8472
7392
4157
6563
6052
8022
4082
4418
5922
6740
8361
8390
6388
6392
9175
9756
342
6123
9839
4695
7270
805
6277
1187
898
7214
3471
5814
9857
4074
3407
5646
9617
2074
1106
2732
5496
1105
8320
5218
3046
663
5906
4124
2990
1950
7749
3921
6503
1350
8416
9475
2578
656
9924
9900
3793
9670
4125
7565
1979
2104
9655
7105
9644
6723
5512
8117
3779
3036
9642
859
8049
7726
4607
2105
6625
8411
1829
6776
9949
4873
3055
3342
6423
126
8941
9828
6629
1630
2687
4839
2812
6819
6467
4423
4317
8629
9225
5422
5642
7853
4252
5610
7690
3553
3669
6913
8257
393
3890
2175
2772
4960
9676
3474
7303
6683
8560
4677
3507
7681
5643
4875
1599
7111
2605
9540
3653
5628
4306
7636
2446
400
7130
4263
375
3636
2479
6372
2094
1461
7251
3658
5481
9596
730
9718
6602
6810
1527
4096
4023
5108
2076
364
6704
2861
4905
9036
5418
7985
881
235
7762
3744
6934
1094
5156
7894
2499
7481
6505
2382
6
8785
6650
3008
9350
8396
4869
28
5188
2853
8999
4799
6975
7986
8607
3625
5474
1643
6030
9101
5740
6525
8795
2786
463
2270
6635
3460
5040
3149
4044
3524
3703
7110
241
7963
7639
9544
2332
2836
2400
6494
2994
1293
347
7417
6294
4565
2437
2500
7177
6305
1379
2722
4699
6365
5302
8242
5100
6366
7992
6086
3396
6489
7441
5986
6341
3870
6088
5991
6989
6634
302
1015
9007
3977
8491
9230
4127
3229
804
259
6579
6299
9891
2996
2288
6167
9602
5073
7751
7673
5428
6033
1524
5385
4820
6041
6443
2498
6648
489
594
2481
6368
1434
2878
4466
7532
7322
3759
968
8527
9501
5104
4107
4304
3571
1884
9011
7947
186
5055
8742
1848
4757
6837
8672
8250
6174
808
7704
3002
6163
3247
3363
3372
2768
1561
2265
9046
5663
6534
8509
3043
1027
5558
7117
9019
8425
8415
2749
6399
8524
7173
6501
5237
3260
5795
5993
332
5215
2620
4956
4089
1792
7029
6094
7522
5850
4009
5619
1014
2854
1554
5651
2526
8092
9998
1435
1087
534
575
2464
8102
5559
3428
704
8935
